bag_id,[labels]
0,
1,11
2,11,12
3,
4,1,10,11,12
5,10
6,
7,
8,
9,
10,
11,
12,2
13,15,17
14,
15,
16,
17,
18,1
19,2
20,7,10
21,
22,
23,
24,1
25,
26,10
27,1
28,10
29,
30,10
31,7
32,18
33,17
34,
35,
36,10
37,
38,10,18
39,1,17
40,18
41,
42,
43,4,6,10
44,9,16
45,10,18
46,
47,18
48,
49,6,10
50,7
51,18
52,
53,
54,
55,0
56,8
57,
58,10
59,
60,
61,
62,
63,
64,9
65,6
66,
67,
68,3
69,1,7,11,12
70,2,5,9
71,1,7,12
72,1
73,1
74,
75,
76,
77,7
78,
79,2,14
80,0,2
81,
82,9,14
83,
84,
85,
86,
87,2,6,14
88,1
89,8
90,0,8
91,
92,
93,
94,
95,
96,7,15
97,6,12
98,
99,
100,6
101,
102,13,14
103,9,10
104,
105,
106,2,6,7
107,
108,
109,
110,1,2,8
111,
112,
113,1,2,8
114,2,10
115,7
116,8,11
117,1
118,
119,
120,
121,
122,8
123,7,10
124,2,8
125,2
126,
127,
128,
129,9
130,6
131,
132,5,6,10
133,
134,
135,
136,
137,
138,9
139,12
140,5,6,10
141,
142,
143,
144,8,10,14
145,9
146,
147,
148,
149,
150,8,10,14
151,2,5,9
152,
153,
154,8,10
155,
156,
157,
158,
159,
160,4,8,10
161,10,15
162,
163,11
164,11
165,1,11,12
166,2
167,1,10,11
168,1,10,12
169,18
170,
171,
172,
173,4,11
174,11
175,2,4,10
176,10,15
177,
178,17
179,
180,
181,1,10
182,1,2,11
183,1,7,10
184,1
185,
186,1
187,1,14
188,17
189,1,10
190,1
191,10,17
192,7,18
193,7,10
194,17
195,
196,1,9
197,10
198,1
199,10,12,18
200,18
201,6
202,
203,2,4,6,7,9,10
204,16
205,9,12,18
206,6,10
207,
208,6,10,18
209,7
210,18
211,
212,
213,9
214,0,9
215,9
216,6,10
217,6,10
218,
219,
220,
221,7
222,
223,9,14
224,6
225,
226,3
227,1,12
228,1,2,5,9
229,1,7,12
230,1
231,1,8,10
232,
233,2
234,
235,
236,
237,7,8
238,0,8,14
239,
240,
241,
242,
243,
244,1,14
245,1,2
246,1
247,8
248,0,5
249,
250,10
251,
252,
253,13
254,15
255,4,8,12
256,9,10,16
257,
258,6
259,
260,12,14
261,9
262,
263,
264,3,8
265,1
266,
267,3,8
268,1,2,8
269,9
270,
271,8,9
272,8,10
273,7
274,8,9,11
275,1
276,
277,
278,
279,2,8,14
280,2,7
281,2,8,10
282,
283,
284,
285,18
286,
287,6,10
288,
289,5,12
290,4,6
291,
292,
293,
294,
295,9,10
296,12
297,5,6,10,12
298,
299,
300,
301,8,10,14,15
302,7
303,
304,7
305,
306,2,7,8
307,8,10,14
308,2,9
309,
310,
311,8,10,15
312,15
313,
314,
315,
316,
317,8,10,14
318,9,10
319,
320,
321,
322,
323,1,11
324,11
325,1,10,11
326,10
327,
328,
329,
330,
331,
332,
333,1,2,11
334,10,15
335,
336,
337,
338,
339,1,10
340,2
341,1,10
342,1
343,
344,1
345,1
346,
347,1
348,1
349,10
350,
351,4,7
352,7
353,
354,17
355,
356,
357,10,18
358,1,10
359,1,10,18
360,
361,
362,6,12
363,
364,4,6,7,9,10
365,16
366,9,13
367,2,10
368,18
369,
370,9,10,18
371,
372,18
373,
374,
375,9
376,0,9
377,7,8,9
378,6
379,6,7,10
380,
381,
382,
383,
384,
385,14
386,
387,
388,
389,
390,1,2,7,12
391,9,11
392,1,12
393,1
394,1,2
395,
396,11
397,
398,
399,
400,0,7,8
401,0,2
402,
403,
404,
405,
406,
407,1,14
408,1,6,14
409,
410,8
411,9
412,
413,
414,
415,
416,13
417,15
418,6,13,14
419,6
420,
421,
422,6,9
423,
424,13,14
425,9
426,
427,
428,2,3,7
429,1,17
430,
431,8,9
432,1,2,8
433,6
434,
435,8
436,2,8,10
437,
438,8,11
439,1
440,
441,
442,
443,2,3
444,2,8,10,14
445,
446,8
447,
448,
449,
450,6
451,
452,6
453,
454,5,6,10
455,4
456,
457,12
458,
459,10,12,14
460,17
461,5,10,12
462,9
463,
464,
465,6,7,8,10,14
466,14
467,
468,
469,
470,2,6,8
471,8,10,14
472,2,10
473,
474,
475,4,8,10,15
476,15
477,
478,
479,
480,8
481,4,8,10,14
482,10,15
483,
484,
485,
486,11
487,1,11,12
488,11
489,1,11
490,1,10
491,18
492,
493,
494,
495,11
496,12
497,1,2,10
498,10,12
499,
500,
501,
502,
503,1,10,11
504,1,2
505,1,10
506,1
507,
508,1
509,1,10
510,
511,1,10
512,1
513,10
514,10
515,7,9,10,18
516,7,16
517,18
518,
519,10
520,10
521,1,14
522,18
523,
524,6
525,
526,4,6,9,10
527,
528,9,10,13,18
529,10
530,18
531,
532,4,6,9,10
533,9
534,18
535,
536,
537,9
538,0,9
539,9
540,6
541,6,10
542,
543,
544,3
545,
546,9,14
547,
548,
549,
550,
551,1,7,11,12
552,1,5,9
553,1,12
554,1
555,2,9
556,10
557,
558,
559,
560,
561,0,7,8
562,0,7
563,
564,1
565,
566,
567,
568,1
569,
570,8
571,0
572,
573,4
574,
575,
576,12
577,4,15
578,13,14,16
579,7,12
580,
581,4
582,6
583,
584,10,13,14
585,6,9
586,
587,
588,3,5,7,8
589,1
590,
591,8,9
592,2,8
593,
594,
595,1,8,9
596,8,10
597,
598,1,9,11
599,1
600,
601,
602,
603,3
604,8,10,14
605,
606,
607,
608,
609,
610,6
611,6,12
612,
613,5,6,12
614,4,6
615,
616,
617,
618,
619,8,10,12,14
620,10
621,5
622,9
623,
624,
625,2,8,10,14,15
626,14
627,
628,7
629,
630,2,6,8
631,8,10,14
632,2,10,14
633,
634,0
635,8,10,15
636,
637,
638,
639,
640,8
641,4,8,10,14
642,4,15
643,
644,
